1606383378 196427
1606392434 440146
1606394168 390986
1606405697 708812
1606412903 710221
1606602065 710627
1606602164 710856
1606668257 710881
1606671444 710881
1606671472 711036
1606674563 710998
1606675016 710997
1606757817 711116
1606758134 711162
1606771283 711186
1606771305 711174
1606821566 711218
1606822103 711285
1606824989 711292
1606839927 711642
1606840420 711640
1606841166 711641
1606842986 711647
1606847685 711664
1606852829 711678
1606894782 711667
1606895093 711973
1606899219 712015
1606901217 712026
1606906623 712026
1606906918 712226
1606907670 712441
1606910755 712442
1606910759 712442
1606912742 712477
1606923543 712653
1606925054 712649
1606925207 712721
